solution,status,score,%test passed,time,memory,subtask_0,subtask_1,subtask_2
message_gemini-2.5-flash_0.cpp,RUNTIME_ERROR,0,0.00%,1.910,3.96484375,0,0.0,0.0
message_gemini-2.5-flash_1.cpp,RUNTIME_ERROR,0,0.00%,3.320,4.234375,0,0.0,0.0
message_gemini-2.5-flash_2.cpp,RUNTIME_ERROR,0,6.67%,2.640,4.03515625,0,0.0,0.0
message_gemini-2.5-flash_3.cpp,RUNTIME_ERROR,0,6.67%,0.790,3.91796875,0,0.0,0.0
message_gemini-2.5-flash_4.cpp,RUNTIME_ERROR,0,0.00%,1.120,3.87890625,0,0.0,0.0
message_gemini-2.5-flash_5.cpp,RUNTIME_ERROR,0,6.67%,0.890,4.0234375,0,0.0,0.0
message_gemini-2.5-flash_6.cpp,RUNTIME_ERROR,0,6.67%,3.610,4.1875,0,0.0,0.0
message_gemini-2.5-flash_7.cpp,RUNTIME_ERROR,0,6.67%,1.200,3.91796875,0,0.0,0.0
