solution,status,score,relative_score,%test passed,time,memory,subtask_1,subtask_2,subtask_3,subtask_4,subtask_5,subtask_6
xoracle_grok-4-fast-reasoning_0.cpp,ACCEPTED,100,100.00%,100.00%,0.320,4.0,8,5,9,11,24,43
