solution,status,score,%test passed,time,memory,subtask_0,subtask_1,subtask_2
s2_Qwen2.5-Coder-32B-Instruct_0.cpp,TIME_LIMIT_EXCEEDED,5,38.71%,1.160,192.33984375,5,0,0
s2_Qwen2.5-Coder-32B-Instruct_1.cpp,TIME_LIMIT_EXCEEDED,5,38.71%,1.120,1.55859375,5,0,0
s2_Qwen2.5-Coder-32B-Instruct_2.cpp,TIME_LIMIT_EXCEEDED,5,38.71%,1.170,96.94921875,5,0,0
s2_Qwen2.5-Coder-32B-Instruct_3.cpp,TIME_LIMIT_EXCEEDED,5,38.71%,1.120,96.94921875,5,0,0
s2_Qwen2.5-Coder-32B-Instruct_4.cpp,TIME_LIMIT_EXCEEDED,5,38.71%,1.180,1.55859375,5,0,0
s2_Qwen2.5-Coder-32B-Instruct_5.cpp,TIME_LIMIT_EXCEEDED,5,38.71%,1.150,96.94921875,5,0,0
s2_Qwen2.5-Coder-32B-Instruct_6.cpp,TIME_LIMIT_EXCEEDED,5,38.71%,1.140,0.00390625,5,0,0
s2_Qwen2.5-Coder-32B-Instruct_7.cpp,RUNTIME_ERROR,5,29.03%,0.160,96.94921875,0,5,0
