competition,year,model,ACCEPTED,WRONG_ANSWER,TIME_LIMIT_EXCEEDED,MEMORY_LIMIT_EXCEEDED,COMPILATION_ERROR,RUNTIME_ERROR,UNKNOWN,empty solutions
COCI,2024,Qwen3-32B-Non-Thinking,22,5,41,4,28,93,0,7
