competition,year,model,ACCEPTED,WRONG_ANSWER,TIME_LIMIT_EXCEEDED,MEMORY_LIMIT_EXCEEDED,COMPILATION_ERROR,RUNTIME_ERROR,UNKNOWN,empty solutions
JOI,2025,gpt-oss-20b-high,14,0,0,0,0,4,0,22
