solution,status,score,%test passed,time,memory,subtask_1,subtask_2,subtask_3,subtask_4,subtask_5,subtask_6
exp_seed-oss_0.cpp,COMPILATION_ERROR,0,0.00%,0.000,0,0,0,0,0,0,0
exp_seed-oss_1.cpp,MEMORY_LIMIT_EXCEEDED,0,0.00%,0.130,291.59765625,0,0,0,0,0,0
exp_seed-oss_2.cpp,RUNTIME_ERROR,0,0.00%,0.140,19.08984375,0,0,0,0,0,0
exp_seed-oss_3.cpp,RUNTIME_ERROR,0,0.00%,0.100,24.37109375,0,0,0,0,0,0
exp_seed-oss_4.cpp,UNKNOWN,0,0.00%,0.000,0,0,0,0,0,0,0
exp_seed-oss_5.cpp,RUNTIME_ERROR,0,0.00%,0.160,63.6796875,0,0,0,0,0,0
exp_seed-oss_6.cpp,RUNTIME_ERROR,0,1.34%,0.100,28.8671875,0,0,0,0,0,0
exp_seed-oss_7.cpp,MEMORY_LIMIT_EXCEEDED,0,0.00%,0.120,306.2890625,0,0,0,0,0,0
