solution,status,score,%test passed,time,memory,subtask_0,subtask_1,subtask_10,subtask_11,subtask_12,subtask_13,subtask_14,subtask_15,subtask_16,subtask_17,subtask_18,subtask_19,subtask_2,subtask_20,subtask_3,subtask_4,subtask_5,subtask_6,subtask_7,subtask_8,subtask_9
platinum_Identity_Theft_seed-oss_0.cpp,RUNTIME_ERROR,0,0.00%,0.160,112.92578125,0,0,0,0,0,0,0,0,0,0,0,0,0,0,0,0,0,0,0,0,0
platinum_Identity_Theft_seed-oss_1.cpp,COMPILATION_ERROR,0,0.00%,0.000,0,0,0,0,0,0,0,0,0,0,0,0,0,0,0,0,0,0,0,0,0,0
platinum_Identity_Theft_seed-oss_2.cpp,RUNTIME_ERROR,0,0.00%,0.120,90.77734375,0,0,0,0,0,0,0,0,0,0,0,0,0,0,0,0,0,0,0,0,0
platinum_Identity_Theft_seed-oss_3.cpp,COMPILATION_ERROR,0,0.00%,0.000,0,0,0,0,0,0,0,0,0,0,0,0,0,0,0,0,0,0,0,0,0,0
platinum_Identity_Theft_seed-oss_4.cpp,RUNTIME_ERROR,0,0.00%,0.070,23.9765625,0,0,0,0,0,0,0,0,0,0,0,0,0,0,0,0,0,0,0,0,0
platinum_Identity_Theft_seed-oss_5.cpp,RUNTIME_ERROR,0,0.00%,0.080,20.0625,0,0,0,0,0,0,0,0,0,0,0,0,0,0,0,0,0,0,0,0,0
platinum_Identity_Theft_seed-oss_7.cpp,RUNTIME_ERROR,0,0.00%,0.170,118.2109375,0,0,0,0,0,0,0,0,0,0,0,0,0,0,0,0,0,0,0,0,0
