solution,status,score,%test passed,time,memory,subtask_0,subtask_1,subtask_10,subtask_11,subtask_12,subtask_13,subtask_2,subtask_3,subtask_4,subtask_5,subtask_6,subtask_7,subtask_8,subtask_9
gold_Election_Queries_DeepSeek-R1-Distill-Qwen-32B_0.cpp,COMPILATION_ERROR,0,0.00%,0.000,0,0,0,0,0,0,0,0,0,0,0,0,0,0,0
gold_Election_Queries_DeepSeek-R1-Distill-Qwen-32B_1.cpp,WRONG_ANSWER,0,6.67%,0.290,3.87109375,0,0,0,0,0,0,0,0,0,0,0,0,0,0
gold_Election_Queries_DeepSeek-R1-Distill-Qwen-32B_2.cpp,COMPILATION_ERROR,0,0.00%,0.000,0,0,0,0,0,0,0,0,0,0,0,0,0,0,0
gold_Election_Queries_DeepSeek-R1-Distill-Qwen-32B_3.cpp,WRONG_ANSWER,0,6.67%,0.290,3.875,0,0,0,0,0,0,0,0,0,0,0,0,0,0
gold_Election_Queries_DeepSeek-R1-Distill-Qwen-32B_4.cpp,TIME_LIMIT_EXCEEDED,0,6.67%,3.470,2.58203125,0,0,0,0,0,0,0,0,0,0,0,0,0,0
gold_Election_Queries_DeepSeek-R1-Distill-Qwen-32B_5.cpp,WRONG_ANSWER,0,6.67%,0.330,6.15234375,0,0,0,0,0,0,0,0,0,0,0,0,0,0
gold_Election_Queries_DeepSeek-R1-Distill-Qwen-32B_6.cpp,TIME_LIMIT_EXCEEDED,0,6.67%,3.400,2.07421875,0,0,0,0,0,0,0,0,0,0,0,0,0,0
gold_Election_Queries_DeepSeek-R1-Distill-Qwen-32B_7.cpp,WRONG_ANSWER,0,6.67%,0.290,3.875,0,0,0,0,0,0,0,0,0,0,0,0,0,0
