solution,status,score,%test passed,time,memory,subtask_0,subtask_1,subtask_10,subtask_11,subtask_12,subtask_13,subtask_14,subtask_15,subtask_16,subtask_17,subtask_18,subtask_19,subtask_2,subtask_20,subtask_21,subtask_22,subtask_23,subtask_24,subtask_3,subtask_4,subtask_5,subtask_6,subtask_7,subtask_8,subtask_9
bronze_Logical_Moos_Qwen3-14B-Non-Thinking_0.cpp,TIME_LIMIT_EXCEEDED,0,0.00%,2.270,8.76953125,0,0,0,0,0,0,0,0,0,0,0,0,0,0,0,0,0,0,0,0,0,0,0,0,0
bronze_Logical_Moos_Qwen3-14B-Non-Thinking_1.cpp,COMPILATION_ERROR,0,0.00%,0.000,0,0,0,0,0,0,0,0,0,0,0,0,0,0,0,0,0,0,0,0,0,0,0,0,0,0
bronze_Logical_Moos_Qwen3-14B-Non-Thinking_2.cpp,COMPILATION_ERROR,0,0.00%,0.000,0,0,0,0,0,0,0,0,0,0,0,0,0,0,0,0,0,0,0,0,0,0,0,0,0,0
bronze_Logical_Moos_Qwen3-14B-Non-Thinking_3.cpp,COMPILATION_ERROR,0,0.00%,0.000,0,0,0,0,0,0,0,0,0,0,0,0,0,0,0,0,0,0,0,0,0,0,0,0,0,0
bronze_Logical_Moos_Qwen3-14B-Non-Thinking_4.cpp,COMPILATION_ERROR,0,0.00%,0.000,0,0,0,0,0,0,0,0,0,0,0,0,0,0,0,0,0,0,0,0,0,0,0,0,0,0
bronze_Logical_Moos_Qwen3-14B-Non-Thinking_5.cpp,RUNTIME_ERROR,0,0.00%,0.220,258.8515625,0,0,0,0,0,0,0,0,0,0,0,0,0,0,0,0,0,0,0,0,0,0,0,0,0
bronze_Logical_Moos_Qwen3-14B-Non-Thinking_6.cpp,MEMORY_LIMIT_EXCEEDED,0,0.00%,0.290,274.5390625,0,0,0,0,0,0,0,0,0,0,0,0,0,0,0,0,0,0,0,0,0,0,0,0,0
