problem,model,status,score,%test passed,time,memory
show,gpt-oss-20b-low,COMPILATION_ERROR,0,0.00%,0.000,0
september,gpt-oss-20b-low,COMPILATION_ERROR,0,0.00%,0.000,0
train,gpt-oss-20b-low,COMPILATION_ERROR,0,0.00%,0.000,0
