problem,model,status,score,relative_score,%test passed,time,memory
platinum_Island_Vacation,Qwen3-4B-Non-Thinking,COMPILATION_ERROR,0,0.00%,0.00%,0.000,0
platinum_Merging_Cells,Qwen3-4B-Non-Thinking,COMPILATION_ERROR,0,0.00%,0.00%,0.000,0
platinum_Mooball_Teams_III,Qwen3-4B-Non-Thinking,COMPILATION_ERROR,0,0.00%,0.00%,0.000,0
