problem,model,status,score,%test passed,time,memory
silver_Bakery,Qwen3-32B,ACCEPTED,333,100.00%,0.040,0.00390625
silver_Cow-libi,Qwen3-32B,ACCEPTED,333,100.00%,0.090,3.6171875
silver_Moo_Route_II,Qwen3-32B,ACCEPTED,333,100.00%,1.630,23.7265625
