solution,status,score,%test passed,time,memory,subtask_0,subtask_1,subtask_2,subtask_3,subtask_4,subtask_5,subtask_6,subtask_7
battle_seed-oss_0.cpp,MEMORY_LIMIT_EXCEEDED,6,53.42%,2.170,518.4453125,0,6,0,0,0,0,0,0
battle_seed-oss_1.cpp,MEMORY_LIMIT_EXCEEDED,6,53.42%,1.030,814.03515625,0,6,0,0,0,0,0,0
battle_seed-oss_2.cpp,COMPILATION_ERROR,0,0.00%,0.000,0,0,0,0,0,0,0,0,0
battle_seed-oss_3.cpp,RUNTIME_ERROR,0,12.50%,0.100,40.453125,0,0,0,0,0,0,0,0
battle_seed-oss_4.cpp,TIME_LIMIT_EXCEEDED,0,12.50%,3.600,5.43359375,0,0,0,0,0,0,0,0
battle_seed-oss_5.cpp,TIME_LIMIT_EXCEEDED,6,47.01%,3.600,19.1875,0,6,0,0,0,0,0,0
battle_seed-oss_6.cpp,RUNTIME_ERROR,0,12.50%,0.080,11.5390625,0,0,0,0,0,0,0,0
battle_seed-oss_7.cpp,COMPILATION_ERROR,0,0.00%,0.000,0,0,0,0,0,0,0,0,0
