solution,status,score,relative_score,%test passed,time,memory,subtask_0,subtask_1,subtask_2,subtask_3,subtask_4
longesttrip_gpt-o3-mini-high_0.cpp,RUNTIME_ERROR,0,0.00%,7.23%,1.330,3.95703125,0,0,0,0,0
longesttrip_gpt-o3-mini-high_1.cpp,RUNTIME_ERROR,15,15.00%,22.29%,0.220,4.1171875,0,5,10,0,0
longesttrip_gpt-o3-mini-high_2.cpp,RUNTIME_ERROR,0,0.00%,9.04%,2.090,3.921875,0,0,0,0,0
longesttrip_gpt-o3-mini-high_3.cpp,RUNTIME_ERROR,10,10.00%,37.95%,2.030,4.0703125,0,0,10,0,0
longesttrip_gpt-o3-mini-high_4.cpp,RUNTIME_ERROR,0,0.00%,19.28%,2.040,4.0703125,0,0,0,0,0
longesttrip_gpt-o3-mini-high_5.cpp,RUNTIME_ERROR,0,0.00%,9.64%,2.070,3.90625,0,0,0,0,0
longesttrip_gpt-o3-mini-high_6.cpp,RUNTIME_ERROR,5,5.00%,10.24%,2.040,4.0390625,0,5,0,0,0
longesttrip_gpt-o3-mini-high_7.cpp,RUNTIME_ERROR,0,0.00%,3.01%,1.370,3.9765625,0,0,0,0,0.0
