solution,status,score,relative_score,%test passed,time,memory,subtask_0,subtask_1,subtask_2,subtask_3,subtask_4,subtask_5,subtask_6
Best_Runner_Qwen3-32B-Non-Thinking_0.cpp,TIME_LIMIT_EXCEEDED,0,0.00%,0.00%,1.210,15.3046875,0,0,0,0,0,0,0
Best_Runner_Qwen3-32B-Non-Thinking_1.cpp,TIME_LIMIT_EXCEEDED,0,0.00%,0.00%,1.200,6.96875,0,0,0,0,0,0,0
Best_Runner_Qwen3-32B-Non-Thinking_2.cpp,TIME_LIMIT_EXCEEDED,0,0.00%,0.00%,1.250,6.97265625,0,0,0,0,0,0,0
Best_Runner_Qwen3-32B-Non-Thinking_3.cpp,UNKNOWN,0,0.00%,0.00%,0.000,0,0,0,0,0,0,0,0
Best_Runner_Qwen3-32B-Non-Thinking_4.cpp,UNKNOWN,0,0.00%,0.00%,0.000,0,0,0,0,0,0,0,0
Best_Runner_Qwen3-32B-Non-Thinking_5.cpp,TIME_LIMIT_EXCEEDED,0,0.00%,12.28%,1.200,6.97265625,0.0,0,0,0,0,0,0
Best_Runner_Qwen3-32B-Non-Thinking_6.cpp,TIME_LIMIT_EXCEEDED,0,0.00%,0.00%,1.220,108.19921875,0,0,0,0,0,0,0
Best_Runner_Qwen3-32B-Non-Thinking_7.cpp,UNKNOWN,0,0.00%,0.00%,0.000,0,0,0,0,0,0,0,0
