solution,status,score,relative_score,%test passed,time,memory,subtask_0,subtask_1,subtask_2,subtask_3,subtask_4,subtask_5,subtask_6,subtask_7,subtask_8
Hard_problem_deepseek-reasoner_0.cpp,ACCEPTED,100,100.00%,100.00%,0.160,4.6484375,0.0,13.0,10.0,14.0,19.0,9.0,1.0,9.0,25.0
Hard_problem_deepseek-reasoner_1.cpp,TIME_LIMIT_EXCEEDED,65,65.00%,88.72%,1.270,10.046875,0.0,13.0,10.0,14.0,19.0,9.0,0,0,0
Hard_problem_deepseek-reasoner_2.cpp,ACCEPTED,100,100.00%,100.00%,0.180,2.07421875,0.0,13.0,10.0,14.0,19.0,9.0,1.0,9.0,25.0
Hard_problem_deepseek-reasoner_3.cpp,ACCEPTED,100,100.00%,100.00%,0.170,2.07421875,0.0,13.0,10.0,14.0,19.0,9.0,1.0,9.0,25.0
Hard_problem_deepseek-reasoner_4.cpp,ACCEPTED,100,100.00%,100.00%,0.210,2.84765625,0.0,13.0,10.0,14.0,19.0,9.0,1.0,9.0,25.0
Hard_problem_deepseek-reasoner_5.cpp,ACCEPTED,100,100.00%,100.00%,0.210,5.9375,0.0,13.0,10.0,14.0,19.0,9.0,1.0,9.0,25.0
Hard_problem_deepseek-reasoner_6.cpp,ACCEPTED,100,100.00%,100.00%,0.190,11.5859375,0.0,13.0,10.0,14.0,19.0,9.0,1.0,9.0,25.0
Hard_problem_deepseek-reasoner_7.cpp,ACCEPTED,100,100.00%,100.00%,0.160,2.07421875,0.0,13.0,10.0,14.0,19.0,9.0,1.0,9.0,25.0
