solution,status,score,%test passed,time,memory,subtask_0,subtask_1,subtask_2,subtask_3
cesta_deepseek-chat_0.cpp,RUNTIME_ERROR,0,0.00%,0.020,8.31640625,0,0,0,0
cesta_deepseek-chat_1.cpp,RUNTIME_ERROR,0,0.00%,0.030,16.76171875,0,0,0,0
cesta_deepseek-chat_2.cpp,COMPILATION_ERROR,0,0.00%,0.000,0,0,0,0,0
cesta_deepseek-chat_3.cpp,COMPILATION_ERROR,0,0.00%,0.000,0,0,0,0,0
cesta_deepseek-chat_4.cpp,RUNTIME_ERROR,0,0.00%,0.030,28.94140625,0,0,0,0
cesta_deepseek-chat_5.cpp,RUNTIME_ERROR,0,0.00%,0.020,29.76171875,0,0,0,0
cesta_deepseek-chat_6.cpp,RUNTIME_ERROR,0,0.00%,0.040,43.3203125,0,0,0,0
cesta_deepseek-chat_7.cpp,RUNTIME_ERROR,0,0.00%,0.040,11.09375,0,0,0,0
