solution,status,score,relative_score,%test passed,time,memory,subtask_0,subtask_1,subtask_10,subtask_11,subtask_12,subtask_13,subtask_14,subtask_15,subtask_2,subtask_3,subtask_4,subtask_5,subtask_6,subtask_7,subtask_8,subtask_9
bronze_Reflection_Qwen3-8B-Non-Thinking_0.cpp,TIME_LIMIT_EXCEEDED,0,0.00%,0.00%,2.540,5.1640625,0,0,0,0,0,0,0,0,0,0,0,0,0,0,0,0
bronze_Reflection_Qwen3-8B-Non-Thinking_1.cpp,TIME_LIMIT_EXCEEDED,0,0.00%,0.00%,2.540,5.16796875,0,0,0,0,0,0,0,0,0,0,0,0,0,0,0,0
bronze_Reflection_Qwen3-8B-Non-Thinking_2.cpp,TIME_LIMIT_EXCEEDED,0,0.00%,0.00%,2.480,5.16796875,0,0,0,0,0,0,0,0,0,0,0,0,0,0,0,0
bronze_Reflection_Qwen3-8B-Non-Thinking_3.cpp,TIME_LIMIT_EXCEEDED,0,0.00%,0.00%,2.490,5.1640625,0,0,0,0,0,0,0,0,0,0,0,0,0,0,0,0
bronze_Reflection_Qwen3-8B-Non-Thinking_4.cpp,TIME_LIMIT_EXCEEDED,0,0.00%,0.00%,2.470,8.7734375,0,0,0,0,0,0,0,0,0,0,0,0,0,0,0,0
bronze_Reflection_Qwen3-8B-Non-Thinking_5.cpp,TIME_LIMIT_EXCEEDED,0,0.00%,0.00%,2.550,5.6796875,0,0,0,0,0,0,0,0,0,0,0,0,0,0,0,0
bronze_Reflection_Qwen3-8B-Non-Thinking_6.cpp,TIME_LIMIT_EXCEEDED,0,0.00%,0.00%,2.490,5.1640625,0,0,0,0,0,0,0,0,0,0,0,0,0,0,0,0
bronze_Reflection_Qwen3-8B-Non-Thinking_7.cpp,TIME_LIMIT_EXCEEDED,0,0.00%,0.00%,2.510,5.16796875,0,0,0,0,0,0,0,0,0,0,0,0,0,0,0,0
