solution,status,score,%test passed,time,memory,subtask_0,subtask_1,subtask_10,subtask_11,subtask_12,subtask_13,subtask_14,subtask_15,subtask_16,subtask_17,subtask_18,subtask_19,subtask_2,subtask_20,subtask_3,subtask_4,subtask_5,subtask_6,subtask_7,subtask_8,subtask_9
platinum_Minimum_Sum_of_Maximums_seed-oss_0.cpp,RUNTIME_ERROR,17,8.33%,0.050,0,0,16.666666666666664,0,0,0,0,0,0,0,0,0,0,0,0,0,0,0,0,0,0,0
platinum_Minimum_Sum_of_Maximums_seed-oss_1.cpp,MEMORY_LIMIT_EXCEEDED,0,0.00%,0.210,306.55078125,0,0,0,0,0,0,0,0,0,0,0,0,0,0,0,0,0,0,0,0,0
platinum_Minimum_Sum_of_Maximums_seed-oss_2.cpp,RUNTIME_ERROR,0,0.00%,0.050,0.00390625,0,0,0,0,0,0,0,0,0,0,0,0,0,0,0,0,0,0,0,0,0
platinum_Minimum_Sum_of_Maximums_seed-oss_3.cpp,RUNTIME_ERROR,0,0.00%,0.050,0,0,0,0,0,0,0,0,0,0,0,0,0,0,0,0,0,0,0,0,0,0
platinum_Minimum_Sum_of_Maximums_seed-oss_4.cpp,COMPILATION_ERROR,0,0.00%,0.000,0,0,0,0,0,0,0,0,0,0,0,0,0,0,0,0,0,0,0,0,0,0
platinum_Minimum_Sum_of_Maximums_seed-oss_5.cpp,MEMORY_LIMIT_EXCEEDED,17,8.33%,0.060,0.00390625,0,16.666666666666664,0,0,0,0,0,0,0,0,0,0,0,0,0,0,0,0,0,0,0
platinum_Minimum_Sum_of_Maximums_seed-oss_6.cpp,RUNTIME_ERROR,0,0.00%,0.050,0.00390625,0,0,0,0,0,0,0,0,0,0,0,0,0,0,0,0,0,0,0,0,0
platinum_Minimum_Sum_of_Maximums_seed-oss_7.cpp,COMPILATION_ERROR,0,0.00%,0.000,0,0,0,0,0,0,0,0,0,0,0,0,0,0,0,0,0,0,0,0,0,0
