competition,year,model,ACCEPTED,WRONG_ANSWER,TIME_LIMIT_EXCEEDED,MEMORY_LIMIT_EXCEEDED,COMPILATION_ERROR,RUNTIME_ERROR,UNKNOWN,empty solutions
COCI,2025,DeepSeek-R1-Distill-Llama-70B,24,0,12,2,80,68,12,2
