year,total_score,avg %passed,pass_rate
2023,141,56.75%,0.00%
2024,110,66.07%,50.00%
ALL_YEARS,251,61.41%,50.00%
