problem,model,status,score,%test passed,time,memory
sah,seed-oss_2048,ACCEPTED,50,100.00%,0.050,0.00390625
benzinska,seed-oss_2048,ACCEPTED,70,100.00%,0.060,9.234375
xor,seed-oss_2048,UNKNOWN,0,0.00%,0.000,0
cipele,seed-oss_2048,MEMORY_LIMIT_EXCEEDED,0,0.00%,0.080,13.0078125
tura,seed-oss_2048,RUNTIME_ERROR,0,0.72%,0.030,1.6640625
