problem,model,status,score,relative_score,%test passed,time,memory
astronomer,gpt-oss-120b-low,TIME_LIMIT_EXCEEDED,36,36.00%,80.00%,5.980,0.00390625
staringcontest,gpt-oss-120b-low,RUNTIME_ERROR,0,0.00%,2.56%,0.020,1.48828125
tycho,gpt-oss-120b-low,RUNTIME_ERROR,0,0.00%,63.24%,0.020,0
