problem,status,score,relative_score,%test passed,time,memory,pass_rate,subtask_0,subtask_1,subtask_2,subtask_3,subtask_4,subtask_5,subtask_6,subtask_7
astronomer,RUNTIME_ERROR,0,0.00%,5.37%,0.020,0.00390625,,0,0,0,0,0,0,0,0
staringcontest,RUNTIME_ERROR,0,0.00%,3.42%,0.040,1.546875,,0,0,0,0,0,0,0,0
tycho,RUNTIME_ERROR,0,0.00%,4.50%,0.000,0,,0,0,0,0,0,0,0,0
minequake,RUNTIME_ERROR,0,0.00%,2.96%,0.000,0,,0,0,0,0,0,0,0,0
mineraldeposits,COMPILATION_ERROR,0,0.00%,0.00%,0.000,0,,0,0,0,0,0,0,0,0
sequence,RUNTIME_ERROR,11,11.00%,54.55%,0.020,0.00390625,,0,11,0,0,0,0,0,0
TOTAL,,11,,11.80%,,,0.00%,,,,,,,,
