solution,status,score,%test passed,time,memory,subtask_0,subtask_1,subtask_2,subtask_3
lightbulbs_gpt-oss-120b-low_0.cpp,RUNTIME_ERROR,0,0.00%,0.000,0,0,0,0,0
lightbulbs_gpt-oss-120b-low_1.cpp,RUNTIME_ERROR,0,0.00%,0.000,0,0,0,0,0
lightbulbs_gpt-oss-120b-low_2.cpp,RUNTIME_ERROR,0,0.00%,0.030,0,0,0,0,0
lightbulbs_gpt-oss-120b-low_3.cpp,RUNTIME_ERROR,0,0.00%,0.030,0,0,0,0,0
lightbulbs_gpt-oss-120b-low_4.cpp,RUNTIME_ERROR,0,0.00%,0.000,0,0,0,0,0
lightbulbs_gpt-oss-120b-low_5.cpp,RUNTIME_ERROR,0,0.00%,0.030,0,0,0,0,0
lightbulbs_gpt-oss-120b-low_6.cpp,RUNTIME_ERROR,0,0.00%,0.000,0,0,0,0,0
lightbulbs_gpt-oss-120b-low_7.cpp,RUNTIME_ERROR,0,0.00%,0.000,0,0,0,0,0
