solution,status,score,%test passed,time,memory,subtask_0,subtask_1,subtask_10,subtask_11,subtask_12,subtask_13,subtask_14,subtask_15,subtask_16,subtask_17,subtask_18,subtask_19,subtask_2,subtask_3,subtask_4,subtask_5,subtask_6,subtask_7,subtask_8,subtask_9
gold_Walking_in_Manhattan_Qwen3-30B-Non-Thinking_0.cpp,WRONG_ANSWER,0,0.00%,0.310,21.9296875,0,0,0,0,0,0,0,0,0,0,0,0,0,0,0,0,0,0,0,0
gold_Walking_in_Manhattan_Qwen3-30B-Non-Thinking_1.cpp,TIME_LIMIT_EXCEEDED,0,0.00%,2.320,13.78125,0,0,0,0,0,0,0,0,0,0,0,0,0,0,0,0,0,0,0,0
gold_Walking_in_Manhattan_Qwen3-30B-Non-Thinking_2.cpp,TIME_LIMIT_EXCEEDED,0,0.00%,2.420,18.96875,0,0,0,0,0,0,0,0,0,0,0,0,0,0,0,0,0,0,0,0
gold_Walking_in_Manhattan_Qwen3-30B-Non-Thinking_3.cpp,TIME_LIMIT_EXCEEDED,0,0.00%,2.340,15.25,0,0,0,0,0,0,0,0,0,0,0,0,0,0,0,0,0,0,0,0
gold_Walking_in_Manhattan_Qwen3-30B-Non-Thinking_4.cpp,TIME_LIMIT_EXCEEDED,0,0.00%,2.310,30.26953125,0,0,0,0,0,0,0,0,0,0,0,0,0,0,0,0,0,0,0,0
gold_Walking_in_Manhattan_Qwen3-30B-Non-Thinking_5.cpp,TIME_LIMIT_EXCEEDED,0,0.00%,2.360,28.68359375,0,0,0,0,0,0,0,0,0,0,0,0,0,0,0,0,0,0,0,0
gold_Walking_in_Manhattan_Qwen3-30B-Non-Thinking_7.cpp,WRONG_ANSWER,0,0.00%,0.620,68.14453125,0,0,0,0,0,0,0,0,0,0,0,0,0,0,0,0,0,0,0,0
