competition,year,model,ACCEPTED,WRONG_ANSWER,TIME_LIMIT_EXCEEDED,MEMORY_LIMIT_EXCEEDED,COMPILATION_ERROR,RUNTIME_ERROR,UNKNOWN,empty solutions
JOI,2024,Qwen3-32B-Non-Thinking,0,0,21,4,29,73,1,32
