solution,status,score,relative_score,%test passed,time,memory,subtask_0
j2_Qwen3-30B-Non-Thinking_0.cpp,RUNTIME_ERROR,0,0.00%,0.00%,0.000,0,0
j2_Qwen3-30B-Non-Thinking_0.cpp,RUNTIME_ERROR,0,0.00%,0.00%,0.000,0,0
j2_Qwen3-30B-Non-Thinking_1.cpp,ACCEPTED,15,100.00%,100.00%,0.040,1.83984375,15
j2_Qwen3-30B-Non-Thinking_2.cpp,RUNTIME_ERROR,0,0.00%,0.00%,0.000,0,0
j2_Qwen3-30B-Non-Thinking_3.cpp,RUNTIME_ERROR,0,0.00%,0.00%,0.000,0,0
j2_Qwen3-30B-Non-Thinking_4.cpp,RUNTIME_ERROR,0,0.00%,0.00%,0.000,0,0
j2_Qwen3-30B-Non-Thinking_5.cpp,RUNTIME_ERROR,0,0.00%,0.00%,0.000,0,0
j2_Qwen3-30B-Non-Thinking_7.cpp,ACCEPTED,15,100.00%,100.00%,0.040,0.00390625,15
