problem,model,status,score,relative_score,%test passed,time,memory
chairgame,DeepSeek-Coder-V2-Lite-Instruct,RUNTIME_ERROR,0,0.00%,0.00%,0.170,0.00390625
thinice,DeepSeek-Coder-V2-Lite-Instruct,RUNTIME_ERROR,0,0.00%,1.96%,0.180,2.84375
animeshops,DeepSeek-Coder-V2-Lite-Instruct,RUNTIME_ERROR,0,0.00%,0.00%,0.190,6.96875
