solution,status,score,relative_score,%test passed,time,memory,subtask_0,subtask_1,subtask_10,subtask_11,subtask_12,subtask_13,subtask_14,subtask_15,subtask_16,subtask_17,subtask_18,subtask_19,subtask_2,subtask_20,subtask_3,subtask_4,subtask_5,subtask_6,subtask_7,subtask_8,subtask_9
platinum_Cowntact_Tracing_gpt-oss-120b-low_0.cpp,RUNTIME_ERROR,0,0.00%,0.00%,0.160,11.42578125,0,0,0,0,0,0,0,0,0,0,0,0,0,0,0,0,0,0,0,0,0
platinum_Cowntact_Tracing_gpt-oss-120b-low_1.cpp,RUNTIME_ERROR,0,0.00%,0.00%,0.260,20.88671875,0,0,0,0,0,0,0,0,0,0,0,0,0,0,0,0,0,0,0,0,0
platinum_Cowntact_Tracing_gpt-oss-120b-low_2.cpp,RUNTIME_ERROR,0,0.00%,0.00%,0.210,12.05859375,0,0,0,0,0,0,0,0,0,0,0,0,0,0,0,0,0,0,0,0,0
platinum_Cowntact_Tracing_gpt-oss-120b-low_3.cpp,RUNTIME_ERROR,0,0.00%,0.00%,0.180,9.9140625,0,0,0,0,0,0,0,0,0,0,0,0,0,0,0,0,0,0,0,0,0
platinum_Cowntact_Tracing_gpt-oss-120b-low_4.cpp,RUNTIME_ERROR,0,0.00%,0.00%,0.190,10.5390625,0,0,0,0,0,0,0,0,0,0,0,0,0,0,0,0,0,0,0,0,0
platinum_Cowntact_Tracing_gpt-oss-120b-low_5.cpp,TIME_LIMIT_EXCEEDED,0,0.00%,0.00%,2.410,16.36328125,0,0,0,0,0,0,0,0,0,0,0,0,0,0,0,0,0,0,0,0,0
platinum_Cowntact_Tracing_gpt-oss-120b-low_6.cpp,RUNTIME_ERROR,0,0.00%,0.00%,0.170,9.328125,0,0,0,0,0,0,0,0,0,0,0,0,0,0,0,0,0,0,0,0,0
platinum_Cowntact_Tracing_gpt-oss-120b-low_7.cpp,TIME_LIMIT_EXCEEDED,0,0.00%,0.00%,2.480,19.2109375,0,0,0,0,0,0,0,0,0,0,0,0,0,0,0,0,0,0,0,0,0
