solution,status,score,%test passed,time,memory,subtask_0,subtask_1,subtask_2,subtask_3
pingvin_Llama-3.1-8B-Instruct_0.cpp,RUNTIME_ERROR,0,3.12%,0.060,3.984375,0,0,0,0
pingvin_Llama-3.1-8B-Instruct_1.cpp,RUNTIME_ERROR,0,3.12%,0.000,0,0,0,0,0
pingvin_Llama-3.1-8B-Instruct_2.cpp,RUNTIME_ERROR,0,0.00%,0.000,0,0,0,0,0
pingvin_Llama-3.1-8B-Instruct_3.cpp,RUNTIME_ERROR,0,3.12%,0.000,0,0,0,0,0
pingvin_Llama-3.1-8B-Instruct_4.cpp,COMPILATION_ERROR,0,0.00%,0.000,0,0,0,0,0
pingvin_Llama-3.1-8B-Instruct_5.cpp,RUNTIME_ERROR,0,0.00%,0.000,0,0,0,0,0
pingvin_Llama-3.1-8B-Instruct_6.cpp,RUNTIME_ERROR,0,0.00%,0.060,0.00390625,0,0,0,0
pingvin_Llama-3.1-8B-Instruct_7.cpp,RUNTIME_ERROR,0,0.00%,0.000,0,0,0,0,0
