solution,status,score,relative_score,%test passed,time,memory,subtask_0,subtask_1,subtask_10,subtask_2,subtask_3,subtask_4,subtask_5,subtask_6,subtask_7,subtask_8,subtask_9
silver_Compatible_Pairs_gemini-2.5-flash_0.cpp,ACCEPTED,333,100.91%,100.00%,0.920,98.06640625,0,33.33333333333333,33.33333333333333,33.33333333333333,33.33333333333333,33.33333333333333,33.33333333333333,33.33333333333333,33.33333333333333,33.33333333333333,33.33333333333333
silver_Compatible_Pairs_gemini-2.5-flash_1.cpp,WRONG_ANSWER,67,20.30%,33.33%,0.350,48.63671875,0,33.33333333333333,0,33.33333333333333,0,0,0,0,0,0,0
silver_Compatible_Pairs_gemini-2.5-flash_2.cpp,WRONG_ANSWER,100,30.30%,41.67%,0.820,97.64453125,0,33.33333333333333,33.33333333333333,33.33333333333333,0,0,0,0,0,0,0
silver_Compatible_Pairs_gemini-2.5-flash_3.cpp,RUNTIME_ERROR,67,20.30%,16.67%,0.490,103.95703125,0,33.33333333333333,0,33.33333333333333,0,0,0,0,0,0,0
silver_Compatible_Pairs_gemini-2.5-flash_4.cpp,RUNTIME_ERROR,67,20.30%,16.67%,0.350,42.9453125,0,33.33333333333333,0,33.33333333333333,0,0,0,0,0,0,0
silver_Compatible_Pairs_gemini-2.5-flash_5.cpp,COMPILATION_ERROR,0,0.00%,0.00%,0.000,0,0,0,0,0,0,0,0,0,0,0,0
silver_Compatible_Pairs_gemini-2.5-flash_6.cpp,TIME_LIMIT_EXCEEDED,0,0.00%,0.00%,2.440,66.62109375,0,0,0,0,0,0,0,0,0,0,0
silver_Compatible_Pairs_gemini-2.5-flash_7.cpp,COMPILATION_ERROR,0,0.00%,0.00%,0.000,0,0,0,0,0,0,0,0,0,0,0,0
