solution,status,score,relative_score,%test passed,time,memory,subtask_0,subtask_1,subtask_2,subtask_3
s3_Qwen3-14B_0.cpp,RUNTIME_ERROR,0,0.00%,0.00%,0.040,3.35546875,0,0,0,0
s3_Qwen3-14B_1.cpp,RUNTIME_ERROR,2,13.33%,13.10%,0.050,5.27734375,2,0,0,0
s3_Qwen3-14B_2.cpp,RUNTIME_ERROR,0,0.00%,2.38%,0.110,5.16796875,0,0,0,0
s3_Qwen3-14B_3.cpp,COMPILATION_ERROR,0,0.00%,0.00%,0.000,0,0,0,0,0
s3_Qwen3-14B_4.cpp,RUNTIME_ERROR,0,0.00%,0.00%,0.130,5.16796875,0,0,0,0
s3_Qwen3-14B_5.cpp,RUNTIME_ERROR,0,0.00%,1.19%,0.040,5.16796875,0,0,0,0
s3_Qwen3-14B_6.cpp,RUNTIME_ERROR,0,0.00%,0.00%,0.100,5.1640625,0,0,0,0
s3_Qwen3-14B_7.cpp,RUNTIME_ERROR,0,0.00%,0.00%,0.130,5.16796875,0,0,0,0
