solution,status,score,%test passed,time,memory,subtask_1,subtask_2,subtask_3,subtask_4,subtask_5,subtask_6
xoracle_seed-oss_0.cpp,RUNTIME_ERROR,57,91.18%,0.350,3.51953125,8,5,9,11,24,0
xoracle_seed-oss_1.cpp,TIME_LIMIT_EXCEEDED,57,75.00%,1.800,3.92578125,8,5,9,11,24,0
xoracle_seed-oss_2.cpp,ACCEPTED,100,100.00%,0.350,3.56640625,8,5,9,11,24,43
xoracle_seed-oss_3.cpp,TIME_LIMIT_EXCEEDED,57,91.18%,1.820,3.81640625,8,5,9,11,24,0
xoracle_seed-oss_4.cpp,TIME_LIMIT_EXCEEDED,0,0.00%,0.030,1.546875,0,0,0,0,0,0
xoracle_seed-oss_5.cpp,ACCEPTED,100,100.00%,0.400,3.55859375,8,5,9,11,24,43
xoracle_seed-oss_6.cpp,TIME_LIMIT_EXCEEDED,57,91.18%,1.800,3.51953125,8,5,9,11,24,0
xoracle_seed-oss_7.cpp,ACCEPTED,100,100.00%,0.350,3.99609375,8,5,9,11,24,43
